# Production migration chain pinned for the 2026-10-08 Promote prep: the 197 migration files production's
# ledger has no row for. Rehearsal order is strict filename order. The record-only entry is applied last,
# as a ledger row only (its function body was applied on production out of band).
20260705120000
20260716120000
20260716120100
20260716140000
20260825170000
20260826120000
20260826130000
20260826140000
20260826150000
20260826160000
20260826170000
20260827090000
20260827150000
20260827160000
20260827190000
20260827200000
20260827210000
20260827220000
20260827230000
20260828010000
20260828020000
20260828030000
20260828040000
20260828050000
20260828060000
20260828070000
20260828080000
20260828090000
20260828100000
20260828110000
20260828120000
20260829010000
20260829020000
20260829040000
20260829050000
20260829060000
20260829210000
20260829211000
20260829212000
20260830132000
20260830150000
20260830170000
20260830180000
20260830181000
20260830182000
20260830190000
20260831220000
20260831230000
20260831233000
20260831234500
20260831235500
20260831235900
20260901000000
20260901010000
20260901020000
20260901030000
20260901031000
20260901032000
20260901033000
20260901034000
20260901035000
20260901036000
20260901037000
20260901210000
20260901211000
20260901235500
20260902010000
20260902020000
20260902030000
20260902060000
20260902070000
20260902080000
20260902120000
20260902170000
20260902180000
20260902190000
20260903010000
20260904100000
20260904110000
20260904130000
20260904140000
20260905070000
20260905071000
20260905072000
20260905073000
20260905090000
20260905091000
20260905100000
20260905110000
20260905130000
20260905140000
20260905150000
20260905160000
20260905170000
20260905180000
20260905190000
20260905200000
20260905210000
20260905220000
20260905230000
20260906000000
20260906010000
20260906020000
20260906030000
20260906040000
20260906050000
20260906060000
20260906070000
20260906080000
20260906090000
20260906110000
20260906120000
20260906130000
20260906140000
20260906150000
20260906160000
20260906170000
20260906180000
20260906190000
20260906200000
20260906210000
20260906220000
20260906230000
20260906233000
20260906234000
20260906235000
20260907010000
20260907153000
20260908023000
20260908050000
20260908063000
20260908070000
20260908073000
20260908074000
20260908075000
20260908080000
20260908090000
20260908100000
20260908110000
20260909160000
20260909163000
20260910120000
20260915120000
20260915130000
20260915143000
20260915150000
20260915153000
20260915170000
20260915183000
20260915184000
20260915190000
20260915190100
20260918120000
20260922172439
20260922185029
20260922190915
20260922201510
20260922222737
20260922224500
20260922234806 record-only
20260923001301
20260923120000
20260923150000
20260923190000
20260923203000
20260923204000
20260924090000
20260924101500
20260924171100
20260924180000
20260924190000
20260924210000
20260924210100
20260924213000
20260924220000
20260924231500
20260925100000
20260925100100
20260925100200
20260925100300
20260925100400
20260925100500
20260925100600
20260925110000
20260925160000
20260925174500
20260925181500
20260925181600
20260925193000
20260925193100
20260925194500
20260925201500
20260926090000
20260930140000
20261007120000
20261007130000
20261008100000
